255809000
235098053
246414000
477274200
311027700
266420000
246419000
248280000
256541000
205366000
219431000
212182000
248114000
258953000
566549000
636015875
244790950
236313000
218731000
236501000
352099000
253418000
477192100
311027400
248043000
309412000
258714000
220298000
563868000
219081000
258751000
259737000
212600000
240635000
258682000
311799000
234450000
249546000
246878000
220235000
235098053
636091593
249018000
247301100
266209000
636092611
210445000
248374000
247250000
235073404
372635000
245958000
235087214
236399000
304270000
219675000
538004273
236107000
249813000
236184000
236202000
259737000
371741000
319402000
564776000
236006000
244089000
256078000
236399000
255623000
244530000
210688000
229036000
235050032
235098053
236175000
636012383
245405000
235098058
311027400
266129000
246881000
258692000
249959000
246392000
210077000
311027700
308539000
215795000
538004223
255803990
565046000
247293100
244085000
605076051
246359000
219245000
234789000
210318000
240679000
253279000
304271000
240729000
231710000
236216000
240947000
247005000
246397000
259737000
248976000
235050032
477627200
255805564
246823000
246419000
245675000
258953000
228330700
235090927
265882000
235072088
218731000
212227000
311799000
235077612
538005764
230965000
220052000
240613000
246419000
219157000
215637000
247157300
235098058
219425000
236184000
219675000
235030851
235098061
309412000
246694000
228330600
538090211
311816000
258715000
308665000
304874000
258714000
565594000
255803990
246414000
235092964
565039000
232153000
210688000
220502000
538003525
245669000
229823000
236222000
235809000
